10000000000
0 4 7 27 48 113 114 117 144 167 176 199 212 215 233 247

10000000000
12 19 34 103 107 110 113 121 124 138 166 175 190 200 204 245

10000000000
12 22 30 67 117 131 152 167 172 175 184 194 202 205 220 246

10000000000
12 39 53 73 92 133 148 151 183 190 191 203 204 235 236 241

10000000000
24 41 66 69 74 98 102 111 112 118 122 152 169 202 244 251

10000000000
31 64 69 87 93 109 115 156 173 188 189 200 204 215 221 246

10000000000
1 19 37 85 95 100 142 150 153 157 188 191 204 224 245 252

10000000000
0 11 31 66 90 96 115 132 149 156 161 162 181 189 192 212

10000000000
21 45 56 69 80 86 109 113 114 138 144 160 173 198 221 228

10000000000
13 22 34 37 45 80 86 139 142 150 154 170 175 222 229 232

10000000000
25 27 82 83 128 129 140 142 143 161 165 189 203 213 222 244

10000000000
10 20 27 50 64 65 93 96 100 152 177 189 192 227 236 249

10000000000
12 49 50 73 102 118 126 158 164 165 183 208 209 234 238 254

10000000000
16 30 41 44 91 93 105 146 186 189 191 195 214 222 226 233

10000000000
18 22 31 35 42 62 70 83 109 117 127 153 172 179 225 240

10000000000
19 31 35 48 55 81 87 115 120 128 161 165 185 220 239 244

